node	1	2	3	4	5	6	7	8	9
root	9.999999994587511e-11	9.999999994587511e-11	0.11999999993913386	0.1599999999529091	0.35999999987688686	9.999999994587511e-11	0.23999999988042642	0.11999999995064373	9.999999994587511e-11
n0	9.999999993383185e-11	9.999999993383185e-11	0.11999999992826302	0.15999999996828104	0.3599999998930133	9.999999993383185e-11	0.23999999986057735	0.11999999994986522	9.999999993383185e-11
10529	0.0	0.0	0.0	0.0	1.0	0.0	0.0	0.0	0.0
n00	9.999999987569766e-11	9.999999987569766e-11	0.11999999993319387	0.15999999987413613	0.3599999997979429	9.999999987569766e-11	0.23999999989587656	0.12000000009885042	9.999999987569766e-11
n7	9.999999984603628e-11	9.999999984603628e-11	0.1199999998164913	0.16000000017199986	0.3600000001126893	9.999999984603628e-11	0.2399999996415181	0.11999999985730148	9.999999984603628e-11
n1	9.999999966288297e-11	9.999999966288297e-11	0.11999999989866318	0.15999999970787698	0.3599999996552566	9.999999966288297e-11	0.239999999831641	0.12000000050656238	9.999999966288297e-11
10727	0.0	0.0	0.0	0.0	0.0	0.0	1.0	0.0	0.0
n77	9.99999997800073e-11	9.99999997800073e-11	0.11999999973657721	0.1599999998871256	0.3600000006635079	9.99999997800073e-11	0.2399999994910941	0.1199999998216952	9.99999997800073e-11
9071	0.0	0.0	0.0	1.0	0.0	0.0	0.0	0.0	0.0
n11	9.999970025926832e-11	9.999970025926832e-11	0.12000006985486768	0.16000000661589028	0.35999974522834377	9.999970025926832e-11	0.240000537589317	0.11999964031158245	9.999970025926832e-11
n55	7.572545386864904e-11	7.572545386864904e-11	0.10534264251958561	0.12116072618983852	0.3480704253174516	7.572545386864904e-11	0.1817410892847571	0.24368511638546528	7.572545386864904e-11
n8	9.999999750558958e-11	9.999999750558958e-11	0.11999999700673897	0.1599999960222598	0.3600000155450454	9.999999750558958e-11	0.2399999940144763	0.11999999701147937	9.999999750558958e-11
n9	9.999999983252813e-11	9.999999983252813e-11	0.11999999979931654	0.1599999999432159	0.3600000002543686	9.999999983252813e-11	0.23999999963438975	0.11999999996870926	9.999999983252813e-11
10231	0.0	0.0	0.0	0.0	0.0	0.0	1.0	0.0	0.0
n2	9.979302119901592e-11	9.979302119901592e-11	0.12017265955492407	0.16014540296772053	0.3600628411632161	9.979302119901592e-11	0.23986747047614798	0.11975162543881918	9.979302119901592e-11
n6	5.907384015650047e-11	5.907384015650047e-11	0.09760264904616836	0.09451814425040078	0.31313301263478616	5.907384015650047e-11	0.14177721637560065	0.3529689774567486	5.907384015650047e-11
10562	0.0	0.0	0.0	0.0	1.0	0.0	0.0	0.0	0.0
n88	5.513141370843704e-11	5.513141370843704e-11	0.0661576964501245	0.0882102619334993	0.6471589520454775	5.513141370843704e-11	0.13231539290024846	0.0661576964501245	5.513141370843704e-11
9126	0.0	0.0	0.0	0.0	1.0	0.0	0.0	0.0	0.0
n99	9.999986842742623e-11	9.999986842742623e-11	0.11999984211291155	0.1599997894839056	0.3599995263388305	9.999986842742623e-11	0.23999999476006253	0.12000084690429028	9.999986842742623e-11
n1010	9.76224080551984e-11	9.76224080551984e-11	0.11714688966623817	0.16444778449896022	0.3633656125529709	9.76224080551984e-11	0.23429377933247633	0.12074593355886491	9.76224080551984e-11
n22	9.80259710480985e-11	9.80259710480985e-11	0.1219678374571123	0.1601716221113234	0.3612155736167484	9.80259710480985e-11	0.23901380116499468	0.11763116525771732	9.80259710480985e-11
10792	0.0	0.0	0.0	1.0	0.0	0.0	0.0	0.0	0.0
n66	5.127655902422557e-11	5.127655902422557e-11	0.15985011532286802	0.08204249443876027	0.5069841549451785	5.127655902422557e-11	0.12306374165814045	0.12805949342994657	5.127655902422557e-11
9343	0.0	0.0	0.0	0.0	0.0	0.0	0.0	1.0	0.0
10272	0.0	0.0	0.0	0.0	1.0	0.0	0.0	0.0	0.0
9399	0.0	0.0	0.0	0.0	1.0	0.0	0.0	0.0	0.0
n10	5.465715515209494e-11	5.465715515209494e-11	0.06558858618251343	0.08745144824335123	0.1967657585475404	5.465715515209494e-11	0.23822675567697138	0.41196745113099503	5.465715515209494e-11
10610	9.99999999598519e-11	9.99999999598519e-11	0.11999999995182237	0.1599999999357631	0.35999999985546716	9.99999999598519e-11	0.23999999990399423	0.11999999995295321	9.99999999598519e-11
n1111	9.68915574957137e-11	9.68915574957137e-11	0.11626986899485653	0.1667073243923988	0.3656896871403732	9.68915574957137e-11	0.23253973798971211	0.11879338109509308	9.68915574957137e-11
10723	0.0	0.0	0.0	0.0	0.0	0.0	0.0	1.0	0.0
n3	6.885339169372094e-11	6.885339169372094e-11	0.11272412421508274	0.1102429118001351	0.4990903378912888	6.885339169372094e-11	0.19531855578561452	0.08262407003246518	6.885339169372094e-11
n4	9.369802718187711e-11	9.369802718187711e-11	0.13434514425558042	0.1716539495172708	0.33852616403076496	9.369802718187711e-11	0.24303710920333904	0.11243763261825263	9.369802718187711e-11
10268	0.0	0.0	0.0	0.0	1.0	0.0	0.0	0.0	0.0
10574	0.0	0.0	1.0	0.0	0.0	0.0	0.0	0.0	0.0
10500	0.0	0.0	0.0	0.0	0.0	0.0	0.0	1.0	0.0
10702	0.0	0.0	0.0	0.0	0.0	0.0	1.0	0.0	0.0
10524	0.0	0.0	0.0	0.0	1.0	0.0	0.0	0.0	0.0
n12	8.711839141751591e-11	8.711839141751591e-11	0.1045420697010183	0.23019514776603114	0.3513447027969492	8.711839141751591e-11	0.20908413940203666	0.10483393998549109	8.711839141751591e-11
10328	0.0	0.0	0.0	0.0	1.0	0.0	0.0	0.0	0.0
n33	6.497395059690158e-11	6.497395059690158e-11	0.22965593185908606	0.10397278375037428	0.28079674466954896	6.497395059690158e-11	0.3076057987448136	0.0779687407162813	6.497395059690158e-11
n44	8.04858692771953e-11	8.04858692771953e-11	0.19229058445256314	0.2244293850736323	0.28998594329149235	8.04858692771953e-11	0.19671104372773518	0.09658304313263362	8.04858692771953e-11
n5	1.888265468524937e-11	1.888265468524937e-11	0.022757208700926068	0.030309508111315164	0.06798298551108749	1.888265468524937e-11	0.8562911119788414	0.02265918562229926	1.888265468524937e-11
10531	0.0	0.0	0.0	1.0	0.0	0.0	0.0	0.0	0.0
10771	0.0	0.0	0.0	0.0	1.0	0.0	0.0	0.0	0.0
10794	0.0	0.0	1.0	0.0	0.0	0.0	0.0	0.0	0.0
10814	0.0	0.0	0.0	0.0	0.0	0.0	1.0	0.0	0.0
10588	0.0	0.0	0.0	1.0	0.0	0.0	0.0	0.0	0.0
10638	0.0	0.0	1.0	0.0	0.0	0.0	0.0	0.0	0.0
10791	0.0	0.0	0.0	0.0	0.0	0.0	1.0	0.0	0.0
10795	0.0	0.0	0.0	0.0	0.0	0.0	1.0	0.0	0.0
