EEE029,0,4641,5608,6613,5411,5461,5381,7616,4939,5476,6809,5703,5280,6794,6678,4733,5092,6772,5435,5081,5874,5224,4714,6521,6606,5302,6235,5899,7669,4830,5605,4087,5552,5106,6328,6577,5793,4782,4795,5763,4170,5047,4880,672,4054,5722,6367,5104,5647,4713,5569,5125,5982,5821,4911,5308,5461,5821,6904,5550,5557,5350,5493,5265,6648,5197,4993,5186,5459,5718,6780,5121,6239,4845,4686,6260,5153,5823,5026,5050,5702,5136,5330,5120,3798,4990,5807,5282,6923,7433,5558,4944,5546,4921,6987,5472,6082,5144,5153,5097,7072,6879,6849,6886,7443,6948,5387,5097,6255,7037,6624,6116,6902,6266,5063,6908,7480,5160,3252,3367,5106,6804,6946,7380,5113,6863,7010,6996,5124,7005,5167,6958,5251,3288,6860,7501,6968,5183,5197,5178,5208,5054,6509,5030,6969,5169,6939,5169,5122,5434,6939,5375,6960,6998,5487,6992,5160,6253,5432,5140,5008,4743,5211,7496,5202,6880,5140,6870,6920,7489,6887,7479,7432,5113,5473,5201,5954,5396,5823,5908,4803,5677,6542,4217,5324,5587,5227,5131,5731,5563,5863,6964,7451,5790,5295,5463,5032,4899,6880,5184,5498,5525,6287,5102,5158,4958,5584,5502,4098,5070,7053,6340,6849,4734,6772,4979,5362,6048,5423
FFF044,4641,0,5327,6352,5132,5183,5426,7391,4954,5073,6907,5435,5305,6618,6257,1852,5029,6629,5645,4925,5323,4971,4512,6614,6481,5096,5852,5509,7451,4747,5360,4633,5269,5306,5716,6382,5325,4644,4612,5482,4637,4967,5142,4654,4594,5384,6239,4895,5344,5057,5242,5134,5680,5405,4863,5234,5216,5774,6558,5387,5088,5037,5516,5066,6804,4997,4908,5086,5273,5218,6296,5016,6056,4603,4792,6401,5396,5363,5213,5085,5131,4871,5542,5131,4471,4697,5328,4976,6820,7036,5583,5054,5259,4853,6835,5590,5765,4995,5505,5142,6830,6770,6765,6640,7036,6837,5463,5153,5667,6927,6629,5475,6805,5811,4626,6821,7120,5393,4774,4662,5399,6684,6829,7045,5336,6759,6857,6869,5471,6810,5219,6858,5056,4759,6753,7067,6848,4874,5383,5514,5257,4745,6384,5286,6885,5492,6775,5256,5528,5516,6747,5527,6833,6836,5396,6850,5028,5999,5663,5365,4863,5105,5067,7100,5144,6806,5366,6725,6789,7080,6786,7093,7091,5385,5320,5318,5418,5495,5489,5730,4913,5447,5942,4360,5041,4995,5000,4678,5264,5210,5556,6677,7059,5638,5293,5244,4535,5121,6651,4863,5323,5348,5720,5041,5152,5052,4991,5111,4435,5098,6905,6291,6402,4898,6586,4768,4907,5475,5204
FFF038,5608,5327,0,6451,5835,5830,5031,7027,5110,3792,6524,5637,5009,6398,6192,5149,4906,6390,6581,5776,6498,4902,5638,6231,6498,5605,6024,5797,7146,5619,5985,5544,5440,5578,6816,5988,5643,5558,5686,5700,5614,5305,5745,5678,5460,6132,6319,5537,5721,5624,5944,5617,5932,5822,5756,5087,3971,6094,6452,5786,3727,5726,5585,5570,6368,5507,5826,4837,5813,5809,6210,4928,6089,5768,5688,6342,6304,4269,5435,5551,4129,4208,5821,5351,5599,5541,5587,5771,6474,7124,6139,5888,5247,5429,6508,6062,6168,4863,5975,5991,6602,6425,6398,6363,6973,6534,5859,5583,6613,6556,6093,5251,6483,5939,5833,6508,7165,5870,5460,5439,6332,6450,6501,7090,5892,6476,6515,6534,5908,6518,5586,6544,4915,5441,6427,7166,6496,5722,6353,5981,6194,5689,6374,6223,6515,5966,6482,5645,5985,5962,6496,5952,6819,6531,5144,6504,5438,5889,6577,5868,5437,6007,4946,7168,5177,6510,5912,6747,6468,7193,6428,7117,7174,6325,5037,6225,5683,5960,5686,5889,5668,5969,6986,4732,5795,4373,5817,5812,6411,5772,5811,6604,6934,5580,5656,5818,5695,6003,6493,5641,5078,5858,6757,5835,5128,5812,4373,3568,4766,5581,6692,6015,7364,5675,6270,5375,5949,5990,5808
FA1090,6613,6352,6451,0,6645,6486,6642,6736,6315,6411,6640,6466,6700,6680,6873,6326,6542,6673,7287,6594,7099,6467,6362,6416,6905,6749,6542,6508,6718,6537,6514,6523,6330,6517,7485,6321,6259,6556,6422,6344,6571,6311,6418,6680,6460,6802,6521,6376,6357,6571,6573,6607,6017,6397,6539,6595,6684,5929,6592,6387,6495,6507,6410,6705,6516,6656,6677,6476,6533,5958,6456,6610,6212,6380,6281,6599,7012,6577,6711,6489,6658,6610,6466,6209,6449,6398,6316,6393,6841,6934,6510,6303,6683,6513,6857,6540,5579,6654,6489,6637,6775,6741,6727,6691,6886,6834,6853,6416,7260,6881,6447,6893,6804,6604,6529,6834,6954,6838,6673,6636,6981,6740,6813,6960,6800,6827,6861,6878,6456,6916,6632,6876,6706,6691,6718,6953,6807,6353,6984,6496,6867,6322,6882,6880,6793,6496,6805,6616,6482,6481,6810,6471,6727,6833,6696,6841,6502,6066,7350,6747,6544,6809,6514,6950,6834,6798,6806,6630,6777,6982,6788,6979,6994,6972,6723,6924,6461,6463,6442,5601,6545,6765,7580,6074,6428,6742,6534,6555,6986,6340,6499,6514,7197,6595,6027,6515,6499,6644,6532,6282,6715,6576,7460,6633,6673,6358,6754,6491,6539,6654,6592,6608,7950,6531,6589,6592,6657,6129,6562
GCGS1013,5411,5132,5835,6645,0,2021,5547,7155,4394,5786,6845,5013,5499,6470,5961,5115,5324,6515,4859,4488,4556,5839,4426,6260,6390,5029,5828,5239,7216,4287,2453,5358,5310,4501,5085,6346,4908,5190,4605,4930,5439,5033,4435,5538,5243,4161,5485,4400,4800,4386,2094,5825,6231,4951,4358,5597,5972,6635,6464,5362,6129,4360,5804,4956,6458,4921,4368,5378,4388,6139,6393,5318,6026,4488,4897,6102,4669,5815,4794,5091,5958,5611,5280,5274,5075,4432,4985,4240,6667,7198,5536,4704,6032,5536,6704,5539,6526,5889,5461,4542,6759,6613,6632,6762,7163,6709,5602,4748,4886,6759,6345,6147,6648,5731,4718,6681,7261,4385,5647,5436,4694,6559,6687,7202,4379,6700,6794,6775,5443,6772,5336,6737,5813,5687,6545,7239,6746,3989,4664,5473,4559,5448,6272,4612,6730,5460,6664,5372,5488,5413,6631,5362,6757,6787,5677,6760,5462,5982,4977,4353,5519,4371,5480,7293,5829,6668,4398,6747,6675,7295,6688,7290,7277,4680,5836,4725,5277,5354,5188,6210,4331,4548,5372,5812,5251,6066,4314,4759,4542,4197,5257,7003,7087,5241,5806,4476,4821,4483,6721,4047,5805,4388,5109,4468,5462,4764,6026,5913,6115,4569,6783,6582,5369,4365,6407,5573,4199,6054,4322
GCGS1095,5461,5183,5830,6486,2021,0,5469,7147,4432,5799,6800,5070,5311,6540,6149,5251,5254,6543,4912,4490,4495,5827,4430,6432,6468,5029,6000,5188,7208,4310,1824,5269,5336,4565,5012,6432,4982,5174,4561,4922,5388,5104,4329,5585,5182,4311,5744,4414,4885,4481,263,5680,6076,5046,4309,5457,5938,6533,6565,5435,6118,4478,5810,5016,6601,4951,4424,5321,4421,6057,6309,5273,6106,4560,4910,6144,4709,5909,4792,5185,5927,5731,5402,5350,5201,4412,4979,4174,6747,7291,5566,4650,6014,5438,6740,5547,6292,5922,5504,4660,6854,6621,6728,6355,7203,6784,5693,4600,4787,6799,6093,6223,6740,5832,4793,6735,7338,4478,5766,5544,4632,6708,6682,7235,4518,6738,6831,6807,5505,6800,5411,6766,5862,5779,6641,7328,6769,3950,4655,5531,4621,5346,6279,4567,6814,5508,6765,5445,5530,5457,6728,5418,6840,6766,5560,6784,5480,5964,4975,4465,5520,4457,5386,7334,5884,6792,4525,6764,6684,7428,6741,7302,7341,4654,5782,4684,5348,5461,5169,6101,4284,4675,5178,5832,5177,6029,4145,4666,4493,4218,5172,6938,7195,5411,5789,4470,4728,4419,6712,4087,5746,4444,4992,4367,5483,4577,6019,6005,6282,4589,6726,6593,5533,4373,6573,5667,4164,5927,4377
CCC013,5381,5426,5031,6642,5547,5469,0,7058,4750,5154,6711,5049,374,6504,6228,5316,1946,6547,5668,5539,5918,4426,4955,6240,6356,5437,5903,5212,7106,5339,5614,5426,5395,5193,6259,6431,5404,5285,5237,5099,5413,5159,5231,5453,5388,5793,6240,5370,4985,5061,5467,5125,6086,5496,5207,2388,5401,6103,6452,5541,5488,5332,5580,5417,6438,5369,5442,2153,5591,5881,6583,1913,6047,5299,5185,6389,5349,5671,4719,5109,5300,5174,5734,5649,5165,5343,5372,5565,6698,7061,5890,5507,4670,5079,6723,5823,6152,4275,5900,5521,6705,6607,6703,6482,7019,6755,5433,5440,6164,6731,6240,4822,6691,6063,5489,6726,7129,5474,5276,5230,5284,6642,6654,7062,5522,6703,6800,6776,5839,6811,5195,6760,4289,5273,6560,7095,6655,5403,5339,5882,5233,5641,6223,5205,6737,5880,6684,5249,5897,5791,6638,5743,6879,6756,692,6740,5121,6068,5724,5497,5166,5395,1932,7093,4159,6739,5517,6855,6662,7140,6702,7093,7108,5295,2768,5231,5249,5786,5177,6024,5167,5771,6403,4841,5663,5692,5111,5535,5890,5596,5384,7025,7131,5259,5497,5651,5691,5397,6532,5412,2753,5564,6130,5627,2609,5490,5688,5343,5122,5113,6774,6250,7080,5288,6324,5069,5589,5884,5539
UMASS-DGI_5,7616,7391,7027,6736,7155,7147,7058,0,6921,7038,6761,7109,7051,6788,7302,7319,6846,6793,8078,7205,7775,7070,7056,6857,6976,7476,7222,7245,183,7320,7103,7422,6957,7206,8109,6624,7083,7292,6956,7078,7542,7084,7077,7551,7410,7397,7023,6864,7076,7417,7191,7365,7116,7176,7407,7219,7106,7304,7345,7016,7491,7161,7050,7412,6997,7359,7462,7065,7388,6917,7153,6943,6769,7111,6921,7067,7728,7056,7138,7013,7448,7320,7234,7240,7280,7143,7123,7037,6934,7139,7466,7177,7221,7295,6989,7381,7096,7053,7513,7397,6934,6827,6812,7081,7153,6927,7385,7295,7999,6966,6852,7347,6899,6941,7273,6909,7173,7469,7574,7653,7640,6792,6900,7146,7469,6912,6939,7008,7461,6971,7168,6947,7026,7602,6804,7152,6939,6979,7704,7506,7602,7289,6988,7653,6932,7491,6897,7175,7504,7353,6880,7342,7197,6944,7061,6937,7290,7135,7941,7475,7221,7574,6939,7155,6988,6864,7491,7071,6907,7203,6930,7169,7223,7672,7123,7666,7111,7329,7106,7045,7377,7591,8172,7012,7564,7682,7377,7192,7695,7190,7367,6934,7753,7238,7008,7312,7204,7557,6949,6955,7198,7388,8021,7166,7324,7203,7693,7035,6991,7099,6987,7063,8742,7382,6736,7140,7373,7064,7142
EEE013,4939,4954,5110,6315,4394,4432,4750,6921,0,5171,6694,4640,4721,6433,5968,4721,4590,6450,4809,4238,4796,5036,4413,6156,6111,4896,5747,4759,6956,4171,4626,5052,5156,3159,5142,6341,4664,4664,4440,4680,5183,4892,2536,5074,5041,4626,5848,4323,4504,4321,4455,5304,5923,4670,4152,4749,5151,5773,6315,4847,5279,4535,5407,4847,6307,4822,4336,4667,4458,5433,6278,4549,5766,4473,4572,6207,4633,5277,1578,4636,5028,5042,4878,4923,4673,4508,4710,4232,6566,6996,5086,3676,5137,5191,6606,5164,5830,5078,5180,4532,6609,6552,6576,6384,6890,6600,5057,4068,5142,6642,6133,5188,6503,5708,4682,6567,7018,4521,5195,5253,4574,6524,6557,6987,4537,6534,6660,6638,5089,6592,4852,6573,4972,5234,6500,7011,6653,4101,4604,5167,4491,4802,6011,4434,6656,5148,6520,4854,5175,4952,6582,4915,6683,6629,4848,6653,5144,5934,4863,4491,5268,4319,4668,7045,4957,6560,4530,6615,6556,7022,6568,6970,7048,4564,4955,4525,4913,4870,4680,5910,4143,4658,5542,5025,4875,5370,4252,4774,4798,4449,4850,6781,6887,4927,5224,4495,4699,4607,6451,4116,4887,4391,5156,4190,4744,3698,5316,5204,5374,4430,6477,6022,6011,4220,6247,5249,4381,5599,4429
Ng_118,5476,5073,3792,6411,5786,5799,5154,7038,5171,0,6507,5746,5165,6498,5974,5154,4919,6496,6410,5601,6147,4711,5423,6291,6267,5360,5919,5813,7074,5322,5833,5376,5122,5392,6435,6043,5794,5289,5433,5864,5561,4811,5594,5470,5393,6001,6135,5403,5746,5423,5796,5129,5815,5853,5517,5153,2700,5808,6338,5564,2730,5427,5435,5303,6438,5276,5662,4953,5637,5781,6190,4920,6020,5520,5566,6271,6146,3504,5202,5123,3234,1856,5825,5509,5189,5499,5773,5557,6626,6737,5879,5669,5030,4743,6635,5869,5883,4656,5845,5690,6590,6556,6506,6460,6693,6602,5429,5374,6203,6620,5814,5170,6584,5902,5545,6544,6890,5758,5345,5444,6037,6500,6619,6776,5767,6582,6663,6637,5797,6567,5247,6605,4986,5333,6529,6760,6640,5500,6069,5847,5972,5419,6054,6006,6574,5829,6547,5235,5850,5815,6597,5792,6835,6627,5085,6649,4800,5755,6334,5731,4900,5659,4834,6772,5126,6559,5751,6755,6572,6771,6558,6818,6774,6019,5080,6008,5725,5826,5863,5668,5413,5814,6559,4539,5612,3453,5472,5523,6093,5556,5721,6639,6978,5514,5746,5653,5469,5789,6335,5490,5086,5540,6448,5566,5257,5639,3444,2648,4487,5519,6533,5664,7149,5532,6170,4846,5722,5735,5619
GCGS0431,6809,6907,6524,6640,6845,6800,6711,6761,6694,6507,0,6517,6638,6183,6980,6823,6419,6209,7466,6908,7495,6652,6542,6398,6641,6744,6626,6674,6776,6902,6852,6934,6499,6854,7852,6033,6554,6689,6433,6488,6988,6558,6749,6896,6868,6985,6409,6518,6488,6874,6837,6873,6530,6665,6809,6767,6681,6658,6611,6665,6710,6743,6397,6697,6540,6673,6885,6651,6839,6537,6495,6413,6194,6633,6623,6840,7216,6535,6830,6785,6880,6693,6878,6900,6778,6703,6594,6696,6358,7201,7203,6822,6765,6754,6414,7124,6777,6676,7188,6705,6431,6294,6365,6417,7147,6374,7150,6756,7749,6412,6292,6999,6324,6928,6707,6350,7184,6921,7045,7095,7120,6320,6327,7162,7034,6371,6404,6411,7147,6391,6936,6368,6591,7101,6263,7207,6376,6520,7073,7169,6952,6744,6666,7033,6419,7130,6329,6939,7187,7096,6418,7066,6869,6385,6694,6379,6692,6605,7503,6979,6781,6927,6496,7205,6892,6368,7051,6729,6357,7184,6399,7168,7215,7165,6894,7063,6610,7086,6526,6630,6786,7057,7893,6220,6675,7046,6918,6842,7423,6766,6849,2774,7169,6747,6585,6817,6754,7033,6521,6538,6832,6899,7856,6985,6724,6896,7060,6466,6530,6738,6928,6507,8428,6804,6338,6728,6953,6939,6681
AUNG1251,5703,5435,5637,6466,5013,5070,5049,7109,4640,5746,6517,0,4942,6445,6048,5416,4722,6410,5573,4983,5260,5456,4920,6426,6518,4441,5925,1993,7144,4789,5059,5602,5175,5074,5702,6297,1921,5319,4975,785,5605,5247,5024,5734,5419,5057,5973,4954,1054,4983,5120,5458,6316,2215,4989,5047,5711,6478,6397,5051,5901,4902,5815,4395,6617,4344,4858,4800,4990,5886,6280,4410,6050,4860,5427,6357,5304,5738,5051,5526,5598,5452,5571,5617,5399,5117,1894,4847,6675,7081,5811,5330,5581,5861,6737,5823,6453,5430,5765,5321,6726,6620,6602,6551,7009,6731,5996,5015,5502,6741,6238,5729,6649,6102,5022,6686,7150,5309,5638,5592,5294,6598,6672,7096,5298,6666,6740,6788,5719,6723,5773,6699,5429,5687,6583,7089,6716,4926,5342,5760,5175,5440,6410,5190,6719,5731,6668,5814,5764,5719,6603,5713,6726,6690,5055,6704,5825,6134,5653,5276,5942,5118,4590,7128,5683,6628,5327,6562,6654,7144,6617,7158,7155,5302,5212,5307,1095,5710,1073,6168,4931,5226,5908,5559,5511,5922,5042,5253,5191,4901,1641,6702,6968,2220,5890,5083,5185,5254,6792,4768,5216,5085,5736,5021,4574,5347,5914,5861,5911,5052,6588,6452,6431,5004,6301,5617,5023,6068,5015
CCC033,5280,5305,5009,6700,5499,5311,374,7051,4721,5165,6638,4942,0,6488,6256,5258,2165,6507,5573,5372,5802,4408,4967,6249,6363,5447,5851,5106,7085,5296,5537,5393,5406,5134,6122,6431,5270,5239,5218,4946,5439,5148,5221,5292,5380,5707,6318,5310,4875,4990,5355,5134,6081,5400,5093,2588,5405,6036,6589,5441,5501,5285,5541,5417,6453,5339,5396,2265,5555,5765,6478,2139,6012,5221,5091,6286,5264,5615,4619,5077,5254,5151,5703,5550,5132,5266,5213,5454,6683,6957,5786,5461,4719,5050,6743,5753,6173,4357,5823,5503,6694,6617,6657,6299,6927,6744,5422,5435,5939,6722,6265,4874,6692,5963,5397,6717,7068,5436,5295,5143,5207,6605,6667,7024,5442,6666,6783,6781,5774,6803,5201,6747,4250,5271,6568,7006,6659,5335,5340,5815,5220,5529,6216,5206,6699,5823,6664,5236,5820,5712,6630,5696,6865,6719,1001,6735,5092,6058,5618,5422,5129,5360,2096,7026,4254,6696,5459,6792,6652,7089,6666,7050,7047,5225,2850,5216,5076,5708,5029,5945,5066,5704,6267,4788,5607,5541,5039,5431,5737,5548,5255,6990,7197,5147,5457,5560,5535,5346,6564,5294,2845,5529,5966,5486,2778,5400,5532,5327,5116,5096,6701,6132,6959,5169,6331,5041,5475,5747,5484
UMASS-DGI_36,6794,6618,6398,6680,6470,6540,6504,6788,6433,6498,6183,6445,6488,0,6753,6695,6399,179,7406,6484,7087,6226,6399,5442,5297,6630,5689,6581,6757,6782,6418,6707,6379,6669,7386,3829,6362,6455,6384,6484,6866,6620,6392,6728,6716,6674,5928,5987,6449,6668,6616,6609,6384,6401,6745,6563,6598,6743,5871,6592,6775,6537,6122,6603,5495,6595,6798,6507,6616,6197,6101,6302,4199,6419,6392,6422,7085,6331,6486,6598,6911,6541,6634,6688,6685,6391,6391,6283,380,6868,6779,6427,6511,6678,285,6698,6608,6466,6801,6290,254,269,348,6327,6672,361,6959,6497,7309,272,5654,6537,347,6519,6472,346,6891,6080,6859,6942,7026,372,295,6876,6433,387,268,308,6774,477,6728,365,6418,6873,258,6884,292,6244,7108,6798,7061,6520,5319,6984,267,6789,353,6746,6809,6757,443,6676,5293,275,6433,273,6719,6297,7322,6431,6739,6793,6310,6901,6453,360,6466,5205,262,6897,369,6887,6887,7030,6563,7067,6529,6720,6376,6591,6716,6882,7591,6148,6574,6830,6511,6779,7055,6314,6731,6194,5866,6638,6334,6531,6673,7020,4282,6219,6575,6571,7429,6515,6577,6444,6849,6425,6220,6421,6482,6205,8163,6675,4073,6386,6724,6424,6438
FFF026,6678,6257,6192,6873,5961,6149,6228,7302,5968,5974,6980,6048,6256,6753,0,6215,6031,6712,6608,6226,6915,6498,6209,6747,6569,6495,6343,5972,7347,6459,6241,6638,5890,6455,7167,6547,5939,6213,6107,5985,6602,5996,6357,6635,6487,6260,6378,5892,5990,6298,6192,6583,6092,6119,6414,6218,6127,6515,6717,6114,6101,6216,6232,6412,6891,6384,6343,6169,6505,6195,5772,6077,6606,6179,6066,6715,6338,5772,6156,6055,6223,6205,6593,6525,6393,6291,6027,6093,6805,7186,6835,6377,6329,6156,6860,6768,6424,6329,6886,6509,6877,6755,6728,6483,7267,6814,6446,6346,7114,6882,6385,6305,6770,6650,6330,6791,7267,6412,6525,6680,6307,6668,6827,7266,6452,6892,6871,6899,6840,6887,6206,6818,6270,6537,6751,7184,6892,5976,6341,6869,6031,6286,6637,6236,6788,6833,6792,6218,6858,6749,6825,6685,6989,6821,6394,6826,6160,6487,6670,6447,6006,6394,6084,7221,6496,6699,6470,6861,6797,7273,6793,7248,7260,6304,6436,6225,6050,6687,6133,6377,6408,6718,7275,6008,6498,6325,6304,6213,6826,6321,6335,7003,6763,6208,6119,6479,6169,6633,6756,5976,6448,6478,7217,6251,6208,6369,6315,5684,6005,6173,6944,6532,7820,6447,6424,5965,6465,6200,6309
GGG031,4733,1852,5149,6326,5115,5251,5316,7319,4721,5154,6823,5416,5258,6695,6215,0,5046,6659,5523,4790,5209,5038,4408,6401,6396,4920,5869,5411,7374,4703,5331,4670,5267,4873,5497,6420,5206,4578,4523,5450,4632,4862,4721,4708,4628,5320,6171,4737,5267,4833,5270,4939,5537,5313,4549,4963,5157,5872,6615,5366,5063,4785,5522,4909,6542,4893,4756,5038,5100,5425,6525,5001,5907,4462,4788,6387,5347,5200,5037,4823,5126,4882,5241,5178,4348,4733,5222,4801,6784,6883,5294,4947,5281,4866,6800,5318,5578,4799,5254,5051,6831,6715,6794,6632,6875,6793,5125,4662,5451,6896,6499,5346,6755,5883,4472,6775,6960,5138,4634,4590,5247,6697,6818,6898,5171,6754,6846,6826,5248,6815,4895,6813,4903,4616,6721,6912,6834,4664,5207,5261,5203,4748,6291,5156,6910,5266,6775,4931,5237,5284,6777,5165,6735,6880,5376,6857,4968,5854,5654,5142,4831,4954,5024,6955,5085,6804,5151,6695,6739,6927,6727,6890,6878,5243,5293,5225,5512,5169,5473,5775,4630,5300,5632,4299,4960,5059,4793,4547,5065,5027,5421,6670,7091,5549,5036,5036,4304,4730,6590,4762,5250,5130,5458,4926,5134,4967,5045,5007,4350,4682,6651,5998,6197,4701,6354,4724,4661,5536,5000
CCC010,5092,5029,4906,6542,5324,5254,1946,6846,4590,4919,6419,4722,2165,6399,6031,5046,0,6377,5807,5322,5688,4021,4566,6292,6081,5015,5785,4893,6866,4923,5437,5107,5202,5092,6074,6189,5059,5021,4766,4762,5191,4956,5021,5090,5156,5525,5918,5015,4621,4983,5304,4985,5935,5116,4932,1798,5106,5688,6196,5428,5333,5100,5393,4997,6432,4983,5066,1506,5490,5750,6357,1304,5889,4624,5056,6134,5541,5580,4586,4640,5134,4927,5392,5455,4761,5134,5081,5248,6508,6862,5471,5091,4359,4737,6542,5440,5939,3802,5420,5229,6503,6424,6524,6404,6916,6580,5078,5023,5969,6603,5971,4510,6504,5592,4717,6522,6952,5376,4831,4786,5443,6477,6478,6919,5379,6518,6617,6578,5430,6540,4870,6557,4025,4862,6376,6902,6547,5146,5518,5426,5484,5213,5974,5416,6587,5440,6518,4825,5453,5456,6508,5396,6636,6573,1738,6567,4822,5735,5814,5349,4913,5158,1263,6924,4153,6552,5368,6625,6478,6957,6516,6975,6937,5452,1964,5446,4782,5378,4804,5797,4919,5618,6188,4465,5269,5418,4840,5455,5622,5313,4986,6604,6762,4943,5224,5393,5344,5128,6220,5137,1929,5337,6080,5174,1824,5051,5418,5092,4645,4808,6425,5912,6716,5005,6049,4628,5150,5526,5344
UMASS-DGI_40,6772,6629,6390,6673,6515,6543,6547,6793,6450,6496,6209,6410,6507,179,6712,6659,6377,0,7407,6460,7052,6200,6370,5522,5286,6663,5730,6601,6788,6760,6447,6714,6355,6652,7363,3888,6353,6441,6361,6499,6907,6623,6460,6746,6740,6676,5948,6025,6401,6710,6635,6616,6444,6399,6777,6598,6608,6799,5900,6573,6790,6581,6091,6617,5607,6593,6813,6490,6635,6203,6160,6270,4272,6406,6359,6413,7107,6363,6507,6579,6889,6531,6659,6687,6687,6408,6373,6292,457,6858,6855,6452,6526,6726,443,6740,6634,6478,6868,6325,363,414,501,6325,6644,454,6984,6584,7302,379,5693,6503,440,6533,6486,461,6870,6062,6902,6926,7064,457,425,6831,6413,487,419,456,6839,541,6713,477,6425,6913,348,6875,406,6236,7100,6863,7016,6574,5348,6984,425,6846,429,6761,6875,6833,474,6747,5304,401,6463,398,6695,6321,7305,6429,6677,6834,6290,6883,6432,460,6474,5179,374,6882,481,6855,6851,7059,6533,7104,6499,6766,6370,6549,6780,6891,7548,6163,6610,6873,6559,6781,7051,6362,6729,6233,5983,6604,6365,6547,6696,7062,4345,6186,6576,6562,7452,6573,6573,6476,6888,6456,6250,6472,6524,6234,8141,6689,4101,6403,6776,6378,6444
GCGS0834,5435,5645,6581,7287,4859,4912,5668,8078,4809,6410,7466,5573,5573,7406,6608,5523,5807,7407,0,4965,4394,6373,4698,7214,7030,5045,6751,5688,8036,4017,5229,5560,5907,5144,4782,7275,5647,5704,4827,5498,5585,5516,4734,5439,5487,4892,6918,4947,5243,3104,4959,6040,6647,5601,2972,6128,6429,6933,7404,5812,6627,4583,6884,4996,7427,4937,4142,6026,4728,6466,7432,5873,6784,4915,5021,7103,958,6546,5202,5332,6550,6050,5594,5700,5372,4734,5679,4551,7645,8157,5758,5214,6423,6254,7684,5857,6815,6313,5813,3261,7680,7540,7670,7496,8000,7689,5585,5344,4859,7741,7426,6559,7625,6829,5135,7655,8201,3321,5878,5923,830,7616,7624,8153,3176,7632,7730,7754,5757,7685,5574,7680,6423,5909,7571,8106,7731,4485,881,5837,1087,5888,6867,588,7768,5819,7653,5592,5815,5714,7691,5652,7704,7719,5691,7721,6299,6817,1526,3133,6130,2682,5989,8146,6276,7664,3149,7581,7627,8169,7626,8146,8213,860,6325,1166,5835,5622,5601,6800,3049,4956,5172,6059,5805,6589,4931,5367,4337,4911,5745,7672,7662,5819,6157,4815,5302,4266,7567,4479,6275,4798,4762,5015,5661,5207,6555,6667,6597,3579,7683,7376,6285,3196,7363,6314,4721,6448,4736
GGG022,5081,4925,5776,6594,4488,4490,5539,7205,4238,5601,6908,4983,5372,6484,6226,4790,5322,6460,4965,0,4626,5443,4316,6458,6398,5088,5979,5117,7256,3935,4748,5270,5009,4521,4968,6395,4859,4771,4362,4858,5377,4889,4387,5083,5216,4692,5937,3045,4832,4310,4488,5368,5787,4915,4259,5455,5735,6037,6463,5161,5672,4588,5947,5029,6613,5039,4144,5336,4615,5688,6409,5258,5875,4313,4500,6337,4788,5809,4453,4656,5550,5343,4589,5030,4894,4023,4927,4316,6640,7179,4745,4422,5806,5325,6654,4752,5843,5663,4737,4615,6664,6523,6614,6790,7129,6680,4979,4697,4823,6713,6461,5929,6607,5629,4496,6650,7210,4559,5120,5113,4697,6599,6599,7222,4500,6656,6717,6721,4735,6637,4716,6654,5653,5189,6574,7197,6680,4161,4707,4762,4660,4793,6251,4620,6690,4741,6641,4741,4764,4654,6652,4612,6779,6691,5574,6714,5438,5980,5090,4510,5423,4416,5321,7243,5444,6639,4537,6759,6607,7260,6623,7247,7278,4695,5753,4811,5073,4595,5018,5758,4170,4848,5317,5283,4908,5541,4401,4343,4606,4400,5136,6979,7039,5187,5406,4589,4579,4367,6649,4250,5714,4674,4888,1617,5319,4506,5526,5629,5643,4513,6719,6168,5851,4263,6478,5502,4433,5593,4541
GCGS0276,5874,5323,6498,7099,4556,4495,5918,7775,4796,6147,7495,5260,5802,7087,6915,5209,5688,7052,4394,4626,0,6124,4563,7048,7112,5086,6568,5360,7794,4342,4775,5717,5661,4932,2399,7090,5254,5595,4676,5211,5713,5408,4674,5932,5593,4252,6538,4729,4978,4403,4545,5687,6794,5384,4126,5927,6465,6946,7289,5695,6490,3541,6358,4971,7285,4956,4343,5846,4353,6622,7077,5696,6755,4689,5273,7027,4539,6682,5206,5561,6471,6104,5671,5526,5445,4607,5331,4172,7427,7912,5865,5140,6472,5913,7476,5796,6921,6272,5887,4657,7483,7341,7339,7309,7780,7478,6011,5197,2193,7523,7196,6595,7454,6326,4923,7468,7980,4705,6096,5774,4541,7357,7436,7956,4569,7487,7539,7494,5845,7554,5894,7487,6322,6118,7334,7913,7496,4008,4388,5937,4556,5690,7051,4381,7478,5863,7447,5911,5902,5797,7431,5731,7555,7522,6069,7438,6074,6702,4954,4541,6005,4344,5828,7949,6204,7404,4582,7419,7384,7995,7408,8034,8039,4574,6323,4633,5526,5669,5334,6837,4106,4640,2841,6273,5671,6544,4549,4928,206,4320,5504,7605,7655,5452,6425,4455,4938,4168,7593,4025,6298,4539,2627,4940,6021,5175,6530,6596,6711,4810,7425,7309,5099,4289,7280,6096,3938,6532,4403
Ng_188,5224,4971,4902,6467,5839,5827,4426,7070,5036,4711,6652,5456,4408,6226,6498,5038,4021,6200,6373,5443,6124,0,5129,6290,6249,5524,5952,5629,7095,5401,5778,5335,5413,5625,6534,6130,5575,5219,5133,5548,5415,5262,5554,5205,5399,6076,6062,5309,5470,5528,5858,5312,6151,5669,5496,4375,5014,5926,6417,5482,5260,5599,5273,5528,6409,5475,5733,4175,5852,5468,6394,4053,5889,5191,5482,6108,6126,5327,5185,5076,5320,4942,5821,5635,5003,5418,5592,5498,6316,6969,6063,5718,4422,4831,6346,5980,6059,2031,5843,5736,6341,6233,6331,6380,6802,6268,5472,5824,6437,6354,6311,4891,6253,5705,5287,6291,7042,5875,5194,5176,6089,6255,6253,6867,5948,6324,6355,6336,5863,6362,5222,6321,2376,5220,6255,6996,6333,5433,6082,5881,6013,5251,6227,5978,6347,5853,6256,5234,5864,5998,6286,5953,6722,6369,4440,6349,4843,5968,6314,5966,4809,5845,4035,7029,3495,6295,5998,6656,6311,7010,6278,6999,6968,6084,4333,5925,5564,5985,5528,6025,5488,6085,6647,4237,5394,5198,5639,5429,6082,5640,5667,6726,7130,5559,5556,5862,5280,6047,6426,5369,4321,5904,6584,5448,4514,5651,5187,4928,4368,5341,6595,6126,7177,5538,6390,4822,5804,5590,5659
FFF004,4714,4512,5638,6362,4426,4430,4955,7056,4413,5423,6542,4920,4967,6399,6209,4408,4566,6370,4698,4316,4563,5129,0,6326,6288,3091,5864,5042,7109,4062,4511,4831,5072,4355,5058,6244,4814,4639,1342,4874,4786,4785,4191,4640,4808,4530,5751,4243,4687,4142,4484,4961,5695,4807,4057,5059,5452,5842,6284,5183,5680,4356,5454,3017,6512,2995,4063,4921,4384,5513,6326,4748,6006,936,4517,6124,4432,5704,4654,4634,5618,4956,5049,4922,4630,4622,4837,4239,6596,6986,5190,4375,5475,4870,6650,5223,5846,5243,5077,4373,6625,6568,6543,6658,6889,6646,4969,4743,4874,6693,6306,5622,6579,5608,1173,6608,7053,4344,4946,4882,4434,6518,6634,7017,4320,6589,6686,6692,5063,6658,4787,6645,5317,4942,6558,6970,6648,4072,4456,5096,4451,4847,6259,4290,6631,5065,6595,4746,5104,5113,6603,5059,6803,6655,5039,6649,4970,5918,4809,4321,4983,4165,4732,7023,5181,6568,4352,6635,6589,7051,6578,7011,7057,4422,5246,4520,5107,4982,4989,5750,3970,4651,5294,5088,4827,5658,4060,4735,4454,4255,5056,6573,6817,5103,5324,4493,4575,4460,6396,4090,5251,4482,5060,4466,4753,4466,5619,5686,5290,4543,6535,5977,5539,4092,6361,4818,4111,5545,4408
UMASS-DGI_26,6521,6614,6231,6416,6260,6432,6240,6857,6156,6291,6398,6426,6249,5442,6747,6401,6292,5522,7214,6458,7048,6290,6326,0,5686,6638,6213,6534,6876,6493,6362,6497,6152,6319,7393,5355,6271,6453,6231,6403,6551,6499,6151,6470,6453,6528,6031,6112,6420,6659,6476,6552,6271,6396,6402,6378,6433,6427,5892,6314,6619,6357,5964,6610,18,6541,6774,6344,6399,6160,6519,6198,5503,6354,6198,6488,6981,6110,6335,6469,6699,6411,6484,6299,6418,6232,6270,6128,5568,6696,6570,6345,6416,6534,5573,6540,6096,6209,6571,6531,5532,5519,5487,6338,6666,5569,6868,6417,7291,5599,5982,6393,5525,6607,6452,5542,6752,6591,6624,6634,6894,5458,5557,6765,6646,5654,5611,5614,6559,5693,6571,5587,6095,6622,5452,6721,5593,6038,6906,6571,6826,6395,5606,6825,5536,6578,5519,6633,6570,6559,5634,6475,6246,5610,6347,5606,6494,6211,7211,6635,6484,6594,6160,6709,6358,5516,6650,6161,5486,6761,5586,6724,6758,6903,6434,6846,6392,6534,6409,5985,6401,6642,7405,5985,6562,6680,6578,6505,6961,6186,6518,6424,6827,6307,6373,6293,6409,6719,5676,6080,6519,6339,7373,6409,6524,6382,6687,6358,6190,6272,6452,6019,7869,6404,4856,6442,6578,6312,6184
AUNG1065,6606,6481,6498,6905,6390,6468,6356,6976,6111,6267,6641,6518,6363,5297,6569,6396,6081,5286,7030,6398,7112,6249,6288,5686,0,6731,5973,6617,7049,6630,6406,6688,6302,6430,7480,5264,6430,6288,6203,6532,6648,6217,6425,6610,6667,6746,6002,6226,6416,6530,6503,6730,6470,6508,6455,6453,6496,6517,5823,6447,6731,6395,6208,6681,5782,6636,6618,6293,6688,6173,6349,6130,5459,6366,6323,6355,6801,6312,6406,6447,6692,6353,6691,6581,6444,6448,6380,6507,5358,6981,6796,6287,6278,6685,5433,6522,6512,6250,6803,6421,5420,5354,5348,6602,6867,5413,6779,6349,7403,5420,5919,6471,5354,6296,6449,5407,7026,6478,6765,6730,6702,5314,5402,6954,6585,5453,5442,5426,6775,5460,6504,5455,6222,6794,5324,7011,5397,6346,6815,6802,6698,6393,422,6742,5415,6784,5348,6559,6812,6726,5374,6677,6187,5503,6371,5454,6520,6263,6957,6586,6655,6566,6148,7002,6177,5433,6631,6163,5380,7004,5434,6992,6945,6708,6378,6782,6669,6706,6551,6402,6457,6899,7542,6062,6493,6746,6397,6582,7088,6544,6823,6742,6576,6610,6303,6589,6313,6699,5418,6451,6421,6663,7448,6441,6299,6416,6766,6444,6351,6337,6721,6151,8022,6401,4553,6441,6692,6339,6540
DDD038,5302,5096,5605,6749,5029,5029,5437,7476,4896,5360,6744,4441,5447,6630,6495,4920,5015,6663,5045,5088,5086,5524,3091,6638,6731,0,6076,4901,7512,4658,5080,5377,5454,5028,5721,6302,4533,5189,2986,4587,5263,5268,4919,5149,5183,5166,6240,4807,4459,4926,5113,5223,6272,4581,4792,5348,5799,6379,6638,5441,5839,5217,5698,23,6820,42,4672,5295,4903,6067,6728,5011,6302,2765,5120,6424,4948,5809,5192,5336,5845,4657,5431,5337,5175,5287,4573,4807,6802,7256,5664,5098,5867,5469,6871,5603,6368,5696,5551,4928,6832,6739,6820,6927,7162,6870,5735,4908,5516,6837,6470,5860,6805,6004,2876,6810,7336,4928,5430,5401,4930,6756,6764,7266,4952,6772,6862,6897,5509,6885,5578,6843,5718,5467,6712,7257,6799,4908,5008,5533,4873,5396,6696,4793,6878,5496,6779,5629,5547,5621,6757,5529,7110,6828,5435,6833,5554,6092,5275,4976,5552,4918,5154,7266,5855,6827,5007,7018,6772,7284,6752,7280,7298,4935,5445,4939,4811,5529,4559,6161,4786,5165,5942,5353,5474,5844,4931,5281,5019,4826,4758,6900,7043,4841,5862,5050,5255,5245,6916,4618,5472,4963,5652,5205,5061,5011,5804,5752,5482,5003,6918,6282,6386,4833,6495,5316,4954,6128,4902
UMASS-DGI_46,6235,5852,6024,6542,5828,6000,5903,7222,5747,5919,6626,5925,5851,5689,6343,5869,5785,5730,6751,5979,6568,5952,5864,6213,5973,6076,0,6114,7289,6020,6084,6383,5807,6040,6940,5439,5875,5889,5691,5879,6414,5760,5940,6273,6259,6251,5975,5856,5857,5903,6022,6062,5961,5917,5982,5932,5948,6102,6375,6048,6409,6036,5906,6036,6334,5964,6121,5896,6101,5589,6591,5776,5658,5861,5658,6269,6467,6235,5998,5766,6544,6023,6011,5993,6100,5836,5883,5809,5869,6884,6136,6055,6081,5798,5878,6152,5930,5813,6248,6151,5895,5799,5797,6565,6824,5857,6120,6026,6924,5937,5983,6278,5840,5534,5983,5863,6843,6139,6414,6507,6420,5762,5883,6815,6236,5916,5922,5940,6229,5914,5887,5849,5888,6464,5779,6868,5894,5646,6399,6264,6315,5840,5958,6330,5903,6222,5861,5933,6262,6098,5860,6042,6450,5931,5963,5895,5821,5832,6750,6210,5732,6063,5910,6910,6151,5830,6260,6380,5855,6864,5818,6874,6834,6392,6080,6344,6037,6094,5960,5820,5960,6357,7001,5593,6031,6624,5802,6153,6492,5996,5999,6847,6527,6004,5795,6067,5988,6293,5075,5702,6067,6122,6941,6014,6233,6100,6609,6137,5890,5841,6541,6166,7594,6014,5809,5567,5963,5669,5950
EEE014,5899,5509,5797,6508,5239,5188,5212,7245,4759,5813,6674,1993,5106,6581,5972,5411,4893,6601,5688,5117,5360,5629,5042,6534,6617,4901,6114,0,7327,4973,5240,5811,5564,5071,5918,6529,2652,5422,5138,1710,5737,5278,5016,5851,5548,5331,6223,5014,1861,5225,5257,5706,6345,2942,5143,5074,5916,6689,6625,5381,5866,5005,6009,4801,6735,4774,5016,4910,5227,6099,6593,4790,6258,5121,5439,6717,5500,5896,5145,5566,5306,5539,5764,5736,5591,5353,2689,5147,6809,7404,6027,5367,5894,5966,6853,6059,6459,5657,6054,5579,6891,6755,6726,6790,7233,6867,5987,5211,5592,6890,6602,6115,6795,6178,5274,6832,7456,5223,5976,6001,5505,6701,6801,7355,5286,6819,6904,6936,6040,6842,5770,6849,5732,6026,6704,7407,6827,5010,5521,6046,5321,5755,6583,5343,6840,6014,6819,5793,6053,5948,6745,5871,6910,6819,5236,6817,5826,6502,5852,5307,5939,5366,4941,7425,5901,6744,5338,6805,6790,7463,6777,7396,7414,5486,5473,5528,2060,5902,1839,6417,5097,5533,5917,5874,5686,5631,5355,5347,5346,5194,2396,7080,7203,2898,5981,5358,5185,5454,6951,5027,5517,5328,5872,5139,5102,5306,5620,5836,6051,5196,6921,6590,6382,5090,6632,5856,5151,6171,5281
UMASS-DGI_54,7669,7451,7146,6718,7216,7208,7106,183,6956,7074,6776,7144,7085,6757,7347,7374,6866,6788,8036,7256,7794,7095,7109,6876,7049,7512,7289,7327,0,7347,7134,7509,7043,7246,8137,6677,7171,7358,6987,7153,7569,7057,7158,7585,7465,7397,7092,6886,7135,7417,7216,7439,7150,7268,7458,7320,7159,7289,7437,7018,7519,7207,7093,7449,7006,7369,7544,7089,7456,6916,7220,6963,6834,7230,6943,7118,7714,7060,7146,7138,7481,7337,7238,7260,7357,7217,7203,7157,6938,7219,7594,7236,7290,7453,7002,7400,7104,7153,7606,7444,7008,6868,6816,7221,7238,6921,7456,7358,8050,6981,6897,7448,6914,7017,7437,6913,7235,7410,7686,7741,7681,6778,6918,7169,7500,6958,6970,7031,7562,6990,7221,6960,7089,7753,6813,7259,6949,7058,7746,7609,7631,7350,7043,7687,6932,7584,6898,7248,7623,7392,6866,7373,7261,6981,7109,6963,7353,7275,7910,7550,7330,7672,7044,7270,6951,6853,7541,7124,6913,7294,6924,7240,7267,7705,7225,7758,7192,7384,7200,7056,7404,7706,8191,7058,7662,7775,7434,7235,7740,7285,7485,7061,7796,7310,7034,7425,7291,7672,7026,7010,7204,7511,8054,7190,7295,7290,7783,7067,7014,7113,7160,7142,8771,7428,6899,7235,7469,7064,7219
EEE035,4830,4747,5619,6537,4287,4310,5339,7320,4171,5322,6902,4789,5296,6782,6459,4703,4923,6760,4017,3935,4342,5401,4062,6493,6630,4658,6020,4973,7347,0,4563,4851,5350,4482,4682,6450,4825,4994,4176,4771,4872,4771,3880,4845,4894,4217,6228,4197,4716,3509,4327,5282,6122,4862,3327,5294,5551,6132,6617,5194,5775,4244,5936,4592,6648,4558,2925,5224,4428,5671,6478,5055,6214,4078,4335,6503,3747,5836,4439,4604,5597,5250,4783,4829,4796,4167,4911,4092,6992,7397,4981,4433,5469,5190,7002,4971,5971,5323,4946,3849,6987,6920,6907,6637,7267,7026,5159,4701,4696,7043,6529,5749,6940,5990,4315,6981,7405,3953,4989,4870,3715,6899,6991,7453,3787,6942,7053,7066,4917,6988,4935,6998,5444,4978,6912,7416,7055,3972,3745,4961,3760,5050,6475,3575,7010,4941,6966,4914,4983,4933,6940,4899,6945,6999,5318,7027,5321,6169,4093,3805,5275,3556,5034,7436,5540,6941,3808,6780,6949,7411,6951,7407,7489,3718,5552,3785,4934,4826,4808,5931,3325,4623,5033,5288,4890,5597,4197,4439,4288,4413,4971,6926,7241,5269,5493,4448,4363,3884,6929,3983,5524,4497,4858,3705,5060,4416,5596,5747,5681,4044,6840,6620,5650,3350,6751,5329,4120,5670,4421
GCGS0457,5605,5360,5985,6514,2453,1824,5614,7103,4626,5833,6852,5059,5537,6418,6241,5331,5437,6447,5229,4748,4775,5778,4511,6362,6406,5080,6084,5240,7134,4563,0,5471,5650,4936,5364,6283,4998,5366,4555,4924,5568,5371,4639,5702,5356,4582,5886,4478,4891,4849,1948,6003,6055,5097,4592,5689,5995,6299,6742,5523,6294,4656,5968,5001,6512,4968,4613,5627,4698,5857,6458,5427,6061,4627,4841,5483,4992,6027,4904,5431,6141,5772,5533,5537,5369,4698,4947,4395,6580,7309,5748,4781,6044,5664,6591,5724,6294,5787,5736,5090,6661,6470,6560,6551,7249,6607,5881,4907,5169,6660,6477,6231,6595,6143,4810,6580,7462,4729,5812,5600,4959,6481,6564,7353,4757,6690,6699,6634,5738,6677,5678,6630,5829,5861,6515,7360,6654,4134,4908,5742,4883,5485,6353,4870,6602,5732,6568,5645,5754,5684,6611,5627,6748,6640,5616,6639,5614,5714,5328,4691,5648,4810,5484,7360,5954,6568,4744,6670,6552,7483,6591,7411,7458,4966,6024,4996,5266,5664,5161,6181,4631,4894,5457,5876,5515,6246,4489,4859,4754,4444,5324,6869,7148,5530,5647,4642,4833,4883,6595,4271,6020,4683,5304,4577,5783,4828,6229,6130,6192,4676,6785,6728,5827,4615,6298,5724,4401,5948,4502
EEE018,4087,4633,5544,6523,5358,5269,5426,7422,5052,5376,6934,5602,5393,6707,6638,4670,5107,6714,5560,5270,5717,5335,4831,6497,6688,5377,6383,5811,7509,4851,5471,0,5628,5061,6109,6731,5729,4859,5062,5645,622,5129,4987,4177,558,5494,6381,5095,5409,4726,5377,5255,6344,5680,4908,5460,5668,6219,6856,5584,5529,5004,5696,5322,6609,5294,5127,5317,5324,5875,6683,5237,6459,5092,4549,6443,5267,5606,5276,5006,5567,5169,5359,5351,4095,5184,5699,5161,6806,7351,5607,5107,5341,5199,6923,5604,6292,5201,5540,5045,6955,6832,6826,6905,7272,6837,5289,5044,5998,6932,6686,5897,6814,6405,5283,6823,7389,5239,3554,3650,5328,6738,6878,7328,5220,6812,6933,6965,5472,6871,5070,6871,5074,3517,6803,7397,6906,5015,5330,5524,5252,5304,6632,5230,6860,5527,6812,5107,5516,5448,6831,5476,7129,6918,5346,6932,5277,6242,5622,5212,5145,5049,5319,7399,5298,6765,5232,7068,6851,7458,6866,7406,7388,5317,5396,5373,5864,5470,5745,5894,4869,5508,6149,4341,5191,5659,5314,5145,5595,5345,5856,6973,7518,5719,5496,5374,5252,5196,6858,5049,5412,5405,6018,5386,5369,5047,5651,5542,4412,4959,7087,6522,6804,4889,6665,5128,5276,5898,5272
SRR5827322,5552,5269,5440,6330,5310,5336,5395,6957,5156,5122,6499,5175,5406,6379,5890,5267,5202,6355,5907,5009,5661,5413,5072,6152,6302,5454,5807,5564,7043,5350,5650,5628,0,5423,6083,5877,5246,5401,5038,5195,5719,5339,5503,5585,5575,5473,5919,5165,5119,5239,5378,5596,5809,5354,5302,5407,5086,5971,6365,5423,5319,5283,5754,5432,6291,5377,5253,5311,5656,5722,6243,5188,5791,5086,5475,6318,5705,5235,5355,5448,5473,5302,5706,5602,5160,5173,5257,5208,6526,6996,5955,5469,5536,5234,6601,5850,5924,5279,5979,5488,6543,6513,6514,6420,6872,6597,6007,5501,6105,6611,6200,5576,6547,6155,5205,6543,7023,5507,5472,5481,5611,6484,6548,6974,5454,6568,6616,6646,5938,6646,5778,6576,5025,5513,6470,6995,6607,5066,5650,5966,5573,5594,6290,5569,6611,5918,6516,5791,5965,5921,6537,5867,6601,6575,5460,6626,5371,6132,5945,5462,5177,5352,5226,7035,5425,6527,5500,6516,6491,7031,6558,6974,6982,5613,5576,5599,5376,5836,5353,5918,5217,5826,6273,4869,5753,5456,5105,5337,5700,5404,5441,6637,6951,5522,5601,5600,5299,5620,6368,5078,5588,5672,6154,5104,5584,5463,5438,5184,5220,5099,6477,6081,6878,5357,5927,5523,5283,5774,5383
HHH030,5106,5306,5578,6517,4501,4565,5193,7206,3159,5392,6854,5074,5134,6669,6455,4873,5092,6652,5144,4521,4932,5625,4355,6319,6430,5028,6040,5071,7246,4482,4936,5061,5423,0,5209,6363,5072,4942,4553,5012,5138,5123,2004,5135,5088,4781,6073,4356,4869,4649,4664,5414,6127,5154,4443,5327,5392,6158,6524,5258,5475,4507,5833,4943,6488,4909,4566,5149,4572,5868,6590,5077,6254,4400,4787,6434,4936,5405,3344,5050,5366,5173,5141,5108,4843,4561,5103,4326,6833,7351,5307,2997,5852,5483,6889,5327,6040,5477,5282,4932,6851,6785,6730,6928,7196,6870,5538,3640,5231,6968,6642,6009,6841,6207,4586,6835,7359,4849,5497,5344,4879,6731,6867,7454,4797,6812,6937,6906,5236,6864,5366,6898,5405,5562,6747,7369,6911,4233,4907,5259,4945,5309,6406,4787,6935,5261,6807,5349,5281,5221,6855,5188,7067,6967,5250,6947,5375,6269,5255,4738,5508,4730,5086,7401,5563,6829,4762,6913,6804,7409,6864,7361,7448,4864,5553,5015,5158,5170,5068,6147,4308,4679,5517,5473,5249,5503,4491,4732,4787,4601,5143,6870,7149,5002,5503,4587,4826,4598,6678,4207,5564,4520,5381,4460,5198,3171,5508,5430,5769,4658,6833,6297,6066,4456,6322,5430,4432,5918,4490
CCC028,6328,5716,6816,7485,5085,5012,6259,8109,5142,6435,7852,5702,6122,7386,7167,5497,6074,7363,4782,4968,2399,6534,5058,7393,7480,5721,6940,5918,8137,4682,5364,6109,6083,5209,0,7547,5686,6052,5097,5719,6112,5934,5019,6335,6000,4458,6973,5278,5533,4754,5072,6128,7113,5790,4732,6344,6676,7219,7437,6129,6779,4012,6779,5664,7551,5652,4818,6247,4929,6862,7210,5995,7075,5091,5730,7312,5032,6734,5543,5943,6509,6384,6094,6019,5791,5008,5727,4651,7648,8138,6199,5462,6787,6332,7631,6189,7174,6564,6131,5097,7663,7504,7530,7455,8035,7643,5863,5495,431,7669,7461,6693,7603,6615,5208,7612,8184,4963,6465,6317,4947,7567,7618,8146,4946,7634,7669,7656,6123,7654,6147,7663,6644,6496,7503,8189,7659,4465,4841,6166,5067,5973,7286,4859,7633,6143,7609,6182,6154,6064,7569,6059,7792,7616,6245,7646,6227,6893,5420,4901,6405,4832,6145,8166,6571,7616,4932,7755,7530,8216,7609,8234,8231,4947,6577,5033,5857,6033,5812,7052,4639,5104,1721,6477,5848,6733,4957,5193,2382,4709,5800,7874,7715,5922,6544,4925,5356,4492,7781,4524,6531,4977,1104,5217,6165,5540,6729,6765,6953,5116,7740,7471,5818,4771,7489,6372,4497,6674,4918
FA19,6577,6382,5988,6321,6346,6432,6431,6624,6341,6043,6033,6297,6431,3829,6547,6420,6189,3888,7275,6395,7090,6130,6244,5355,5264,6302,5439,6529,6677,6450,6283,6731,5877,6363,7547,0,6361,6277,6058,6252,6762,6396,6409,6560,6710,6615,5795,6081,6251,6478,6449,6313,6150,6437,6489,6429,6306,6561,5759,6165,6361,6446,6073,6280,5433,6267,6494,6330,6568,6219,6064,6159,4559,6180,6316,6213,6970,6166,6385,6366,6488,6145,6633,6600,6472,6326,6332,6232,4057,6746,6728,6434,6069,6434,4059,6619,6444,6038,6707,6354,4057,3972,4011,6099,6650,4018,6561,6281,7456,4061,5619,6271,4033,6451,6245,4033,6733,6336,6772,6753,6883,4018,4028,6767,6541,4117,4060,4087,6703,4091,6302,4056,5982,6726,3956,6762,4022,6217,6930,6715,6732,6233,5260,6868,4041,6724,4004,6389,6703,6668,4050,6644,5300,4050,6324,4041,6473,6135,7239,6488,6428,6813,6250,6774,6372,4032,6533,5240,4024,6816,4059,6760,6777,6881,6446,6876,6337,6647,6263,6406,6474,6669,7588,6038,6289,6632,6424,6393,7075,6394,6633,6011,5618,6338,6334,6441,6361,6936,3404,6226,6436,6493,7408,6420,6492,6449,6614,6008,6339,6236,6326,5779,8039,6481,3917,6091,6602,6255,6245
